trainingRubble (1).jpg,33,133,100
trainingRubble (10).jpg,43,114,71
trainingRubble (100).jpg,55,113,58
trainingRubble (101).jpg,56,123,67
trainingRubble (100).jpg,35,94,59
trainingRubble (100).jpg,57,110,53
trainingRubble (101).jpg,43,115,72
trainingRubble (102).jpg,38,136,98
trainingRubble (103).jpg,54,108,54
trainingRubble (104).jpg,92,166,74
trainingRubble (105).jpg,28,159,131
trainingRubble (106).jpg,61,85,24
trainingRubble (107).jpg,33,106,73
trainingRubble (108).jpg,27,101,74
trainingRubble (109).jpg,66,103,37
trainingRubble (11).jpg,34,76,42
trainingRubble (110).jpg,23,102,79
trainingRubble (111).jpg,35,157,122
trainingRubble (111).jpg,52,135,83
trainingRubble (112).jpg,23,98,75
trainingRubble (113).jpg,21,64,43
trainingRubble (113).jpg,25,133,108
trainingRubble (113).jpg,25,112,87
trainingRubble (114).jpg,32,124,92
trainingRubble (115).jpg,47,107,60
trainingRubble (117).jpg,57,123,66
trainingRubble (118).jpg,36,110,74
trainingRubble (118).jpg,35,123,88
trainingRubble (118).jpg,18,140,122
trainingRubble (118).jpg,52,108,56
trainingRubble (12).jpg,24,48,24
trainingRubble (13).jpg,21,86,65
trainingRubble (14).jpg,32,124,92
trainingRubble (17).jpg,61,95,34
trainingRubble (17).jpg,36,90,54
trainingRubble (18).jpg,28,88,60
trainingRubble (18).jpg,27,95,68
trainingRubble (18).jpg,34,77,43
trainingRubble (18).jpg,30,70,40
trainingRubble (19).jpg,63,93,30
trainingRubble (2).jpg,30,82,52
trainingRubble (2).jpg,31,89,58
trainingRubble (20).jpg,28,74,46
trainingRubble (21).jpg,25,73,48
trainingRubble (22).jpg,26,107,81
trainingRubble (23).jpg,45,97,52
trainingRubble (23).jpg,41,116,75
trainingRubble (24).jpg,44,116,72
trainingRubble (25).jpg,38,164,126
trainingRubble (25).jpg,30,105,75
trainingRubble (26).jpg,30,69,39
trainingRubble (27).jpg,23,107,84
trainingRubble (27).jpg,22,108,86
trainingRubble (27).jpg,20,80,60
trainingRubble (28).jpg,32,84,52
trainingRubble (29).jpg,23,85,62
trainingRubble (3).jpg,31,93,62
trainingRubble (31).jpg,45,107,62
trainingRubble (31).jpg,25,106,81
trainingRubble (32).jpg,26,110,84
trainingRubble (33).jpg,31,117,86
trainingRubble (35).jpg,51,107,56
trainingRubble (36).jpg,28,109,81
trainingRubble (36).jpg,27,112,85
trainingRubble (37).jpg,30,65,35
trainingRubble (37).jpg,32,92,60
trainingRubble (37).jpg,31,93,62
trainingRubble (38).jpg,40,99,59
trainingRubble (39).jpg,25,56,31
trainingRubble (4).jpg,40,111,71
trainingRubble (41).jpg,37,111,74
trainingRubble (43).jpg,20,91,71
trainingRubble (44).jpg,38,105,67
trainingRubble (46).jpg,38,147,109
trainingRubble (48).jpg,39,160,121
trainingRubble (49).jpg,57,151,94
trainingRubble (5).jpg,18,56,38
trainingRubble (50).jpg,37,107,70
trainingRubble (52).jpg,70,94,24
trainingRubble (52).jpg,55,100,45
trainingRubble (52).jpg,102,138,36
trainingRubble (53).jpg,83,171,88
trainingRubble (53).jpg,78,174,96
trainingRubble (53).jpg,57,179,122
trainingRubble (54).jpg,27,69,42
trainingRubble (54).jpg,34,95,61
trainingRubble (55).jpg,37,134,97
trainingRubble (56).jpg,33,77,44
trainingRubble (57).jpg,24,86,62
trainingRubble (58).jpg,30,117,87
trainingRubble (59).jpg,29,110,81
trainingRubble (59).jpg,34,99,65
trainingRubble (6).jpg,37,159,122
trainingRubble (61).jpg,24,51,27
trainingRubble (61).jpg,32,79,47
trainingRubble (63).jpg,28,82,54
trainingRubble (64).jpg,31,113,82
trainingRubble (66).jpg,49,124,75
trainingRubble (67).jpg,49,125,76
trainingRubble (69).jpg,42,134,92
trainingRubble (7).jpg,45,140,95
trainingRubble (70).jpg,26,53,27
trainingRubble (71).jpg,65,154,89
trainingRubble (71).jpg,78,175,97
trainingRubble (72).jpg,28,122,94
trainingRubble (74).jpg,47,115,68
trainingRubble (75).jpg,28,118,90
trainingRubble (76).jpg,30,83,53
trainingRubble (76).jpg,27,98,71
trainingRubble (77).jpg,22,84,62
trainingRubble (78).jpg,33,95,62
trainingRubble (79).jpg,41,91,50
trainingRubble (8).jpg,37,108,71
trainingRubble (80).jpg,35,93,58
trainingRubble (82).jpg,31,114,83
trainingRubble (84).jpg,52,111,59
trainingRubble (85).jpg,57,147,90
trainingRubble (85).jpg,60,126,66
trainingRubble (87).jpg,32,72,40
trainingRubble (88).jpg,49,117,68
trainingRubble (9).jpg,39,122,83
trainingRubble (90).jpg,24,75,51
trainingRubble (90).jpg,27,115,88
trainingRubble (91).jpg,34,112,78
trainingRubble (93).jpg,33,90,57
trainingRubble (93).jpg,40,99,59
trainingRubble (94).jpg,46,125,79
trainingRubble (96).jpg,34,111,77
trainingRubble (97).jpg,41,141,100
trainingRubble (97).jpg,40,130,90
trainingRubble (98).jpg,48,109,61
trainingRubble (99).jpg,57,107,50
